s 100
p 0 -0.0 0.0 40.0
p 1 1.0 0.0 39.6
p 2 1.0 -1.0 39.2
p 3 0.0 -1.0 38.8
p 4 -1.0 -1.0 38.4
p 5 -1.0 0.0 38.0
p 6 -1.0 1.0 37.6
p 7 0.0 1.0 37.2
p 8 1.0 1.0 36.8
p 9 2.0 1.0 36.4
p 10 2.0 0.0 36.0
p 11 2.0 -1.0 35.6
p 12 2.0 -2.0 35.2
p 13 1.0 -2.0 34.8
p 14 0.0 -2.0 34.4
p 15 -1.0 -2.0 34.0
p 16 -2.0 -2.0 33.6
p 17 -2.0 -1.0 33.2
p 18 -2.0 0.0 32.8
p 19 -2.0 1.0 32.4
p 20 -2.0 2.0 32.0
p 21 -1.0 2.0 31.6
p 22 0.0 2.0 31.2
p 23 1.0 2.0 30.8
p 24 2.0 2.0 30.4
p 25 3.0 2.0 30.0
p 26 3.0 1.0 29.6
p 27 3.0 0.0 29.2
p 28 3.0 -1.0 28.8
p 29 3.0 -2.0 28.4
p 30 3.0 -3.0 28.0
p 31 2.0 -3.0 27.6
p 32 1.0 -3.0 27.2
p 33 0.0 -3.0 26.8
p 34 -1.0 -3.0 26.4
p 35 -2.0 -3.0 26.0
p 36 -3.0 -3.0 25.6
p 37 -3.0 -2.0 25.2
p 38 -3.0 -1.0 24.8
p 39 -3.0 0.0 24.4
p 40 -3.0 1.0 24.0
p 41 -3.0 2.0 23.6
p 42 -3.0 3.0 23.2
p 43 -2.0 3.0 22.8
p 44 -1.0 3.0 22.4
p 45 0.0 3.0 22.0
p 46 1.0 3.0 21.6
p 47 2.0 3.0 21.2
p 48 3.0 3.0 20.8
p 49 4.0 3.0 20.4
p 50 4.0 2.0 20.0
p 51 4.0 1.0 19.6
p 52 4.0 0.0 19.2
p 53 4.0 -1.0 18.8
p 54 4.0 -2.0 18.4
p 55 4.0 -3.0 18.0
p 56 4.0 -4.0 17.6
p 57 3.0 -4.0 17.2
p 58 2.0 -4.0 16.8
p 59 1.0 -4.0 16.4
p 60 0.0 -4.0 16.0
p 61 -1.0 -4.0 15.6
p 62 -2.0 -4.0 15.2
p 63 -3.0 -4.0 14.8
p 64 -4.0 -4.0 14.4
p 65 -4.0 -3.0 14.0
p 66 -4.0 -2.0 13.6
p 67 -4.0 -1.0 13.2
p 68 -4.0 0.0 12.8
p 69 -4.0 1.0 12.4
p 70 -4.0 2.0 12.0
p 71 -4.0 3.0 11.6
p 72 -4.0 4.0 11.2
p 73 -3.0 4.0 10.8
p 74 -2.0 4.0 10.4
p 75 -1.0 4.0 10.0
p 76 0.0 4.0 9.6
p 77 1.0 4.0 9.2
p 78 2.0 4.0 8.8
p 79 3.0 4.0 8.4
p 80 4.0 4.0 8.0
p 81 5.0 4.0 7.6
p 82 5.0 3.0 7.2
p 83 5.0 2.0 6.8
p 84 5.0 1.0 6.4
p 85 5.0 0.0 6.0
p 86 5.0 -1.0 5.6
p 87 5.0 -2.0 5.2
p 88 5.0 -3.0 4.8
p 89 5.0 -4.0 4.4
p 90 5.0 -5.0 4.0
p 91 4.0 -5.0 3.6
p 92 3.0 -5.0 3.2
p 93 2.0 -5.0 2.8
p 94 1.0 -5.0 2.4
p 95 0.0 -5.0 2.0
p 96 -1.0 -5.0 1.6
p 97 -2.0 -5.0 1.2
p 98 -3.0 -5.0 0.8
p 99 -4.0 -5.0 0.4
